22.663	0
120.969	257
121.453	265
121.485	1448
121.690	2896
122.655	4344
124.627	5792
125.687	7240
126.602	8688
127.591	10136
128.579	11584
130.617	13032
140.432	14480
197.713	15928
199.708	17376
201.833	18824
202.245	20272
207.724	21720
208.543	23168
209.546	24616
210.760	26064
216.698	27512
219.275	28960
266.591	30408
267.577	31856
268.559	33033
268.626	33035
268.643	33043
268.659	33304
274.968	34752
277.581	36200
279.697	37648
288.595	39096
289.511	40197
289.583	40199
289.599	40202
289.615	40204
